rouge1.f1: 0.5520654451195848
rouge1.precision: 0.5702882478749076
rouge1.recall: 0.5470073511144942
rougeL.f1: 0.5505990807960774
rougeL.precision: 0.568512454224114
rougeL.recall: 0.5456856172927602
bertS.f1: 0.9638331594921293
bertS.precision: 0.9654242228894007
bertS.recall: 0.9627678804454349
