rouge1.f1: 0.22230003283938757
rouge1.precision: 0.17498581093083038
rouge1.recall: 0.7233142221535076
rougeL.f1: 0.22191561591472295
rougeL.precision: 0.1746968352006782
rougeL.recall: 0.7225371057513912
bertS.f1: 0.7834005433179083
bertS.precision: 0.6931519358285836
bertS.recall: 0.9048945412749336
