rouge1.f1: 0.6329331263445513
rouge1.precision: 0.6401470503189636
rouge1.recall: 0.6750706254724113
rougeL.f1: 0.6312064024768227
rougeL.precision: 0.638771556935095
rougeL.recall: 0.6716730442176868
bertS.f1: 0.9630191742664291
bertS.precision: 0.9615399326951731
bertS.recall: 0.9654933228024415
