rouge1.f1: 0.08648485574777078
rouge1.precision: 0.0589387721926164
rouge1.recall: 0.4497139550264551
rougeL.f1: 0.07986564906493554
rougeL.precision: 0.05410587944024161
rougeL.recall: 0.4346728552532122
bertS.f1: 0.8238227930452142
bertS.precision: 0.800756469830161
bertS.recall: 0.8487804911321117
