rouge1.f1: 0.2959906544843214
rouge1.precision: 0.27753548854301624
rouge1.recall: 0.46106316137566156
rougeL.f1: 0.28950619842416564
rougeL.precision: 0.27334323161768864
rougeL.recall: 0.44002810846560897
bertS.f1: 0.9201150939578102
bertS.precision: 0.9150181114673615
bertS.recall: 0.9264290279220967
