rouge1.f1: 0.612520331906355
rouge1.precision: 0.6303007677128931
rouge1.recall: 0.6361613683935113
rougeL.f1: 0.605310856603631
rougeL.precision: 0.625640656175676
rougeL.recall: 0.6196222527472531
bertS.f1: 0.9604370829604921
bertS.precision: 0.96097806468606
bertS.recall: 0.9605575523915745
