rouge1.f1: 0.7930039329251508
rouge1.precision: 0.8029265873015874
rouge1.recall: 0.7934018329554043
rougeL.f1: 0.7912399495540247
rougeL.precision: 0.8010714285714287
rougeL.recall: 0.7917054043839755
bertS.f1: 0.984021870082333
bertS.precision: 0.9849756941554092
bertS.recall: 0.983330116704816
