rouge1.f1: 0.7939921741812491
rouge1.precision: 0.8040873015873017
rouge1.recall: 0.7942946900982615
rougeL.f1: 0.7922281908101229
rougeL.precision: 0.802232142857143
rougeL.recall: 0.7925982615268327
bertS.f1: 0.9839831677575906
bertS.precision: 0.9849463120102883
bertS.recall: 0.983281953313521
